X,Y,OBJECTID,Country_Region,Last_Update,Lat,Long_,Confirmed,Deaths,Recovered,Active,Incident_Rate,People_Tested,People_Hospitalized,Mortality_Rate,UID,ISO3
67.709953,33.93911,1,Afghanistan,2021/10/21 12:21:18+00,33.93911,67.709953,155891,7249,0,0,400.4563154,,,4.650043941,4,AFG
20.1683,41.1533,2,Albania,2021/10/21 12:21:18+00,41.1533,20.1683,179463,2849,0,0,6236.117868,,,1.587513861,8,ALB
1.6596,28.0339,3,Algeria,2021/10/21 12:21:18+00,28.0339,1.6596,205529,5878,0,0,468.6980878,,,2.859937041,12,DZA
1.5218,42.5063,4,Andorra,2021/10/21 12:21:18+00,42.5063,1.5218,15382,130,0,0,19908.10846,,,0.845143674,20,AND
17.8739,-11.2027,5,Angola,2021/10/21 12:21:18+00,-11.2027,17.8739,63340,1682,0,0,192.7203904,,,2.655509946,24,AGO
-61.7964,17.0608,6,Antigua and Barbuda,2021/10/21 12:21:18+00,17.0608,-61.7964,3984,97,0,0,4068.295074,,,2.434738956,28,ATG
-63.6167,-38.4161,7,Argentina,2021/10/21 12:21:18+00,-38.4161,-63.6167,5275984,115770,0,0,11673.62163,,,2.194282621,32,ARG
45.0382,40.0691,8,Armenia,2021/10/21 12:21:18+00,40.0691,45.0382,288906,5902,0,0,9749.685648,,,2.042878999,51,ARM
133,-25,9,Australia,2021/10/21 12:21:18+00,-25,133,151943,1590,0,0,596.798077,,,1.046445048,36,AUS
14.5501,47.5162,10,Austria,2021/10/21 12:21:18+00,47.5162,14.5501,787644,11220,0,0,8745.381062,,,1.424501425,40,AUT
47.5769,40.1431,11,Azerbaijan,2021/10/21 12:21:18+00,40.1431,47.5769,507857,6809,0,0,5008.859202,,,1.340731741,31,AZE
-78.035889,25.025885,12,Bahamas,2021/10/21 12:21:18+00,25.025885,-78.035889,22092,626,0,0,5617.828953,,,2.833604925,44,BHS
50.55,26.0275,13,Bahrain,2021/10/21 12:21:18+00,26.0275,50.55,276336,1392,0,0,16239.93658,,,0.503734584,48,BHR
90.3563,23.685,14,Bangladesh,2021/10/21 12:21:18+00,23.685,90.3563,1566664,27791,0,0,951.2841517,,,1.773896636,50,BGD
-59.5432,13.1939,15,Barbados,2021/10/21 12:21:18+00,13.1939,-59.5432,13934,123,0,0,4848.784324,,,0.882732884,52,BRB
27.9534,53.7098,16,Belarus,2021/10/21 12:21:18+00,53.7098,27.9534,577932,4449,0,0,6116.121994,,,0.76981375,112,BLR
4.469936,50.8333,17,Belgium,2021/10/21 12:21:18+00,50.8333,4.469936,1299439,25816,0,0,11212.0971,,,1.986703493,56,BEL
-88.4976,17.1899,18,Belize,2021/10/21 12:21:18+00,17.1899,-88.4976,24948,471,0,0,6274.316497,,,1.887926888,84,BLZ
2.3158,9.3077,19,Benin,2021/10/21 12:21:18+00,9.3077,2.3158,24560,161,0,0,202.5868092,,,0.655537459,204,BEN
90.4336,27.5142,20,Bhutan,2021/10/21 12:21:18+00,27.5142,90.4336,2617,3,0,0,339.160096,,,0.114635078,64,BTN
-63.5887,-16.2902,21,Bolivia,2021/10/21 12:21:18+00,-16.2902,-63.5887,508166,18887,0,0,4353.334512,,,3.716698874,68,BOL
17.6791,43.9159,22,Bosnia and Herzegovina,2021/10/21 12:21:18+00,43.9159,17.6791,246555,11253,0,0,7515.053424,,,4.564093204,70,BIH
24.6849,-22.3285,23,Botswana,2021/10/21 12:21:18+00,-22.3285,24.6849,184051,2389,0,0,7826.545474,,,1.298009791,72,BWA
-51.9253,-14.235,24,Brazil,2021/10/21 12:21:18+00,-14.235,-51.9253,21680488,604228,0,0,10199.73103,,,2.786966788,76,BRA
114.7277,4.5353,25,Brunei,2021/10/21 12:21:18+00,4.5353,114.7277,11386,78,0,0,2602.615416,,,0.685051818,96,BRN
25.4858,42.7339,26,Bulgaria,2021/10/21 12:21:18+00,42.7339,25.4858,555077,22719,0,0,7988.506781,,,4.092945663,100,BGR
-1.5616,12.2383,27,Burkina Faso,2021/10/21 12:21:18+00,12.2383,-1.5616,14793,214,0,0,70.76880478,,,1.446630163,854,BFA
95.956,21.9162,28,Burma,2021/10/21 12:21:18+00,21.9162,95.956,490901,18444,0,0,902.2291097,,,3.757173035,104,MMR
29.9189,-3.3731,29,Burundi,2021/10/21 12:21:18+00,-3.3731,29.9189,19819,38,0,0,166.6753429,,,0.191735204,108,BDI
-23.0418,16.5388,30,Cabo Verde,2021/10/21 12:21:18+00,16.5388,-23.0418,38082,347,0,0,6849.428405,,,0.911191639,132,CPV
104.9167,11.55,31,Cambodia,2021/10/21 12:21:18+00,11.55,104.9167,117352,2704,0,0,701.9092264,,,2.304178881,116,KHM
11.5021,3.848,32,Cameroon,2021/10/21 12:21:18+00,3.848,11.5021,100289,1600,0,0,377.7952,,,1.595389325,120,CMR
-95.001,60.001,33,Canada,2021/10/21 12:21:18+00,60.001,-95.001,1698515,28698,0,0,4486.814166,,,1.689593557,124,CAN
20.9394,6.6111,34,Central African Republic,2021/10/21 12:21:18+00,6.6111,20.9394,11478,100,0,0,237.6513635,,,0.871231922,140,CAF
18.7322,15.4542,35,Chad,2021/10/21 12:21:18+00,15.4542,18.7322,5069,174,0,0,30.85987771,,,3.43262971,148,TCD
-71.543,-35.6751,36,Chile,2021/10/21 12:21:18+00,-35.6751,-71.543,1674226,37628,0,0,8758.148648,,,2.247486301,152,CHL
114.3055,30.5928,37,China,2021/10/21 12:21:18+00,30.5928,114.3055,109010,4849,0,0,7.76050665,,,4.44821576,156,CHN
-74.2973,4.5709,38,Colombia,2021/10/21 12:21:18+00,4.5709,-74.2973,4984751,126931,0,0,9796.518216,,,2.546385968,170,COL
43.3333,-11.6455,39,Comoros,2021/10/21 12:21:18+00,-11.6455,43.3333,4194,147,0,0,482.2934814,,,3.505007153,174,COM
15.8277,-0.228,40,Congo (Brazzaville),2021/10/21 12:21:18+00,-0.228,15.8277,15962,231,0,0,289.2666523,,,1.447187069,178,COG
21.7587,-4.0383,41,Congo (Kinshasa),2021/10/21 12:21:18+00,-4.0383,21.7587,57402,1091,0,0,64.09234049,,,1.90063064,180,COD
-83.7534,9.7489,42,Costa Rica,2021/10/21 12:21:18+00,9.7489,-83.7534,554604,6895,0,0,10887.15329,,,1.243229403,188,CRI
-5.5471,7.54,43,Cote d'Ivoire,2021/10/21 12:21:18+00,7.54,-5.5471,61113,689,0,0,231.6792891,,,1.127419698,384,CIV
15.2,45.1,44,Croatia,2021/10/21 12:21:18+00,45.1,15.2,436189,8968,0,0,10625.10413,,,2.055989491,191,HRV
-77.781167,21.521757,45,Cuba,2021/10/21 12:21:18+00,21.521757,-77.781167,940127,8114,0,0,8300.157788,,,0.863074882,192,CUB
33.4299,35.1264,46,Cyprus,2021/10/21 12:21:18+00,35.1264,33.4299,122709,567,0,0,10163.40597,,,0.462068797,196,CYP
15.473,49.8175,47,Czechia,2021/10/21 12:21:18+00,49.8175,15.473,1718808,30587,0,0,16050.15304,,,1.779547221,203,CZE
9.5018,56.2639,48,Denmark,2021/10/21 12:21:18+00,56.2639,9.5018,373336,2696,0,0,6445.492328,,,0.722137699,208,DNK
,,49,Diamond Princess,2021/10/21 12:21:18+00,34.68577,33.20123,712,13,0,0,0,,,1.825842697,9999,GTR
42.5903,11.8251,50,Djibouti,2021/10/21 12:21:18+00,11.8251,42.5903,13423,181,0,0,1358.600489,,,1.348431796,262,DJI
-61.371,15.415,51,Dominica,2021/10/21 12:21:18+00,15.415,-61.371,4412,30,0,0,6128.543846,,,0.679963735,212,DMA
-70.1627,18.7357,52,Dominican Republic,2021/10/21 12:21:18+00,18.7357,-70.1627,373040,4093,0,0,3438.820993,,,1.097201373,214,DOM
-78.1834,-1.8312,53,Ecuador,2021/10/21 12:21:18+00,-1.8312,-78.1834,514087,32937,0,0,2913.819938,,,6.406892219,218,ECU
30.802498,26.820553,54,Egypt,2021/10/21 12:21:18+00,26.820553,30.802498,321084,18105,0,0,313.7595868,,,5.638711365,818,EGY
-88.8965,13.7942,55,El Salvador,2021/10/21 12:21:18+00,13.7942,-88.8965,110188,3532,0,0,1698.806435,,,3.205430718,222,SLV
10.2679,1.6508,56,Equatorial Guinea,2021/10/21 12:21:18+00,1.6508,10.2679,13097,163,0,0,933.5096241,,,1.244559823,226,GNQ
39.7823,15.1794,57,Eritrea,2021/10/21 12:21:18+00,15.1794,39.7823,6780,45,0,0,191.1783324,,,0.663716814,232,ERI
25.0136,58.5953,58,Estonia,2021/10/21 12:21:18+00,58.5953,25.0136,177287,1438,0,0,13364.6278,,,0.811114182,233,EST
31.4659,-26.5225,59,Eswatini,2021/10/21 12:21:18+00,-26.5225,31.4659,46376,1236,0,0,3997.36589,,,2.665171641,748,SWZ
40.4897,9.145,60,Ethiopia,2021/10/21 12:21:18+00,9.145,40.4897,360503,6287,0,0,313.5801709,,,1.7439522,231,ETH
178.065,-17.7134,61,Fiji,2021/10/21 12:21:18+00,-17.7134,178.065,51909,663,0,0,5790.545756,,,1.277235162,242,FJI
25.7482,61.9241,62,Finland,2021/10/21 12:21:18+00,61.9241,25.7482,152707,1135,0,0,2756.086847,,,0.74325342,246,FIN
2.2137,46.2276,63,France,2021/10/21 12:21:18+00,46.2276,2.2137,7202932,118302,0,0,11034.99992,,,1.642414506,250,FRA
11.6094,-0.8037,64,Gabon,2021/10/21 12:21:18+00,-0.8037,11.6094,34281,219,0,0,1540.215157,,,0.63883784,266,GAB
-15.3101,13.4432,65,Gambia,2021/10/21 12:21:18+00,13.4432,-15.3101,9946,339,0,0,411.5590748,,,3.408405389,270,GMB
43.3569,42.3154,66,Georgia,2021/10/21 12:21:18+00,42.3154,43.3569,680182,9617,0,0,17050.69344,,,1.413886283,268,GEO
10.451526,51.165691,67,Germany,2021/10/21 12:21:18+00,51.165691,10.451526,4424804,94886,0,0,5281.207515,,,2.144411368,276,DEU
-1.0232,7.9465,68,Ghana,2021/10/21 12:21:18+00,7.9465,-1.0232,129592,1169,0,0,417.0573468,,,0.902061856,288,GHA
21.8243,39.0742,69,Greece,2021/10/21 12:21:18+00,39.0742,21.8243,704211,15485,0,0,6756.281459,,,2.198914814,300,GRC
-61.679,12.1165,70,Grenada,2021/10/21 12:21:18+00,12.1165,-61.679,5790,193,0,0,5145.797599,,,3.333333333,308,GRD
-90.2308,15.7835,71,Guatemala,2021/10/21 12:21:18+00,15.7835,-90.2308,591460,14515,0,0,3301.374721,,,2.454096642,320,GTM
-9.6966,9.9456,72,Guinea,2021/10/21 12:21:18+00,9.9456,-9.6966,30605,385,0,0,233.0426005,,,1.257964385,324,GIN
-15.1804,11.8037,73,Guinea-Bissau,2021/10/21 12:21:18+00,11.8037,-15.1804,6131,141,0,0,311.5348694,,,2.299787963,624,GNB
-58.93018,4.860416,74,Guyana,2021/10/21 12:21:18+00,4.860416,-58.93018,34726,881,0,0,4414.92628,,,2.537003974,328,GUY
-72.2852,18.9712,75,Haiti,2021/10/21 12:21:18+00,18.9712,-72.2852,23406,658,0,0,205.2701799,,,2.81124498,332,HTI
12.4534,41.9029,76,Holy See,2021/10/21 12:21:18+00,41.9029,12.4534,27,0,0,0,3337.453646,,,0,336,VAT
-86.2419,15.2,77,Honduras,2021/10/21 12:21:18+00,15.2,-86.2419,373206,10147,0,0,3768.003741,,,2.718873759,340,HND
19.5033,47.1625,78,Hungary,2021/10/21 12:21:18+00,47.1625,19.5033,841277,30468,0,0,8708.556108,,,3.621637106,348,HUN
-19.0208,64.9631,79,Iceland,2021/10/21 12:21:18+00,64.9631,-19.0208,12827,33,0,0,3758.827839,,,0.257269821,352,ISL
78.96288,20.593684,80,India,2021/10/21 12:21:18+00,20.593684,78.96288,34127450,452811,0,0,2472.995765,,,1.326823422,356,IND
113.9213,-0.7893,81,Indonesia,2021/10/21 12:21:18+00,-0.7893,113.9213,4237834,143120,0,0,1549.348456,,,3.377196936,360,IDN
53.688046,32.427908,82,Iran,2021/10/21 12:21:18+00,32.427908,53.688046,5821737,124585,0,0,6931.220766,,,2.139997049,364,IRN
43.679291,33.223191,83,Iraq,2021/10/21 12:21:18+00,33.223191,43.679291,2040235,22836,0,0,5072.37205,,,1.119282828,368,IRQ
-7.6921,53.1424,84,Ireland,2021/10/21 12:21:18+00,53.1424,-7.6921,421234,5369,0,0,8530.810102,,,1.274588471,372,IRL
34.851612,31.046051,85,Israel,2021/10/21 12:21:18+00,31.046051,34.851612,1320563,8030,0,0,15256.85107,,,0.608073981,376,ISR
12.5674,41.8719,86,Italy,2021/10/21 12:21:18+00,41.8719,12.5674,4725887,131688,0,0,7816.315114,,,2.786524519,380,ITA
-77.2975,18.1096,87,Jamaica,2021/10/21 12:21:18+00,18.1096,-77.2975,87723,2129,0,0,2962.452903,,,2.426957582,388,JAM
138.252924,36.204824,88,Japan,2021/10/21 12:21:18+00,36.204824,138.252924,1716658,18168,0,0,1357.294493,,,1.05833544,392,JPN
36.51,31.24,89,Jordan,2021/10/21 12:21:18+00,31.24,36.51,846033,10903,0,0,8291.888575,,,1.288720416,400,JOR
66.9237,48.0196,90,Kazakhstan,2021/10/21 12:21:18+00,48.0196,66.9237,1001369,16794,0,0,5333.038429,,,1.677104045,398,KAZ
37.9062,-0.0236,91,Kenya,2021/10/21 12:21:18+00,-0.0236,37.9062,252308,5238,0,0,469.2242888,,,2.076034054,404,KEN
-168.734,-3.3704,92,Kiribati,2021/10/21 12:21:18+00,-3.3704,-168.734,2,0,0,0,1.700593507,,,0,296,KIR
127.766922,35.907757,93,"Korea, South",2021/10/21 12:21:18+00,35.907757,127.766922,347529,2709,0,0,677.8516443,,,0.779503293,410,KOR
20.902977,42.602636,94,Kosovo,2021/10/21 12:21:18+00,42.602636,20.902977,160572,2974,0,0,8869.587697,,,1.85212864,383,XKS
47.481766,29.31166,95,Kuwait,2021/10/21 12:21:18+00,29.31166,47.481766,412424,2458,0,0,9657.368361,,,0.595988594,414,KWT
74.766098,41.20438,96,Kyrgyzstan,2021/10/21 12:21:18+00,41.20438,74.766098,180223,2643,0,0,2762.380807,,,1.466516482,417,KGZ
102.495496,19.85627,97,Laos,2021/10/21 12:21:18+00,19.85627,102.495496,33998,49,0,0,467.2907473,,,0.144126125,418,LAO
24.6032,56.8796,98,Latvia,2021/10/21 12:21:18+00,56.8796,24.6032,194256,2967,0,0,10298.7909,,,1.52736595,428,LVA
35.8623,33.8547,99,Lebanon,2021/10/21 12:21:18+00,33.8547,35.8623,635447,8438,0,0,9309.975823,,,1.327884151,422,LBN
28.2336,-29.61,100,Lesotho,2021/10/21 12:21:18+00,-29.61,28.2336,21566,655,0,0,1006.697625,,,3.037188167,426,LSO
-9.429499,6.428055,101,Liberia,2021/10/21 12:21:18+00,6.428055,-9.429499,5808,286,0,0,114.8353286,,,4.924242424,430,LBR
17.228331,26.3351,102,Libya,2021/10/21 12:21:18+00,26.3351,17.228331,352192,4962,0,0,5125.560903,,,1.408890605,434,LBY
9.55,47.14,103,Liechtenstein,2021/10/21 12:21:18+00,47.14,9.55,3610,60,0,0,9465.873037,,,1.662049861,438,LIE
23.8813,55.1694,104,Lithuania,2021/10/21 12:21:18+00,55.1694,23.8813,379438,5544,0,0,13938.18662,,,1.461108271,440,LTU
6.1296,49.8153,105,Luxembourg,2021/10/21 12:21:18+00,49.8153,6.1296,80331,842,0,0,12832.92011,,,1.048163225,442,LUX
,,106,MS Zaandam,2021/10/21 12:21:18+00,52.442039,4.829199,9,2,0,0,0,,,22.22222222,8888,
46.869107,-18.766947,107,Madagascar,2021/10/21 12:21:18+00,-18.766947,46.869107,43622,960,0,0,157.5312198,,,2.200724405,450,MDG
34.3015,-13.2543,108,Malawi,2021/10/21 12:21:18+00,-13.2543,34.3015,61738,2296,0,0,322.7294575,,,3.718941333,454,MWI
101.975766,4.210484,109,Malaysia,2021/10/21 12:21:18+00,4.210484,101.975766,2407382,28138,0,0,7437.997123,,,1.168821566,458,MYS
73.2207,3.2028,110,Maldives,2021/10/21 12:21:18+00,3.2028,73.2207,86419,239,0,0,15987.47183,,,0.276559553,462,MDV
-3.996166,17.570692,111,Mali,2021/10/21 12:21:18+00,17.570692,-3.996166,15697,558,0,0,77.512857,,,3.554819392,466,MLI
14.3754,35.9375,112,Malta,2021/10/21 12:21:18+00,35.9375,14.3754,37523,459,0,0,8498.230054,,,1.22324974,470,MLT
171.1845,7.1315,113,Marshall Islands,2021/10/21 12:21:18+00,7.1315,171.1845,4,0,0,0,6.847790732,,,0,584,MHL
-10.9408,21.0079,114,Mauritania,2021/10/21 12:21:18+00,21.0079,-10.9408,36783,791,0,0,791.0901012,,,2.150449936,478,MRT
57.552152,-20.348404,115,Mauritius,2021/10/21 12:21:18+00,-20.348404,57.552152,16805,141,0,0,1321.389846,,,0.839036001,480,MUS
-102.5528,23.6345,116,Mexico,2021/10/21 12:21:18+00,23.6345,-102.5528,3767758,285347,0,0,2948.345411,,,7.573389798,484,MEX
150.5508,7.4256,117,Micronesia,2021/10/21 12:21:18+00,7.4256,150.5508,1,0,0,0,0.878618811,,,0,583,FSM
28.3699,47.4116,118,Moldova,2021/10/21 12:21:18+00,47.4116,28.3699,321682,7346,0,0,7974.341857,,,2.283621713,498,MDA
7.4167,43.7333,119,Monaco,2021/10/21 12:21:18+00,43.7333,7.4167,3382,35,0,0,8617.877892,,,1.034890597,492,MCO
103.8467,46.8625,120,Mongolia,2021/10/21 12:21:18+00,46.8625,103.8467,344736,1607,0,0,10515.71977,,,0.46615381,496,MNG
19.37439,42.708678,121,Montenegro,2021/10/21 12:21:18+00,42.708678,19.37439,139066,2050,0,0,22142.08151,,,1.474120202,499,MNE
-7.0926,31.7917,122,Morocco,2021/10/21 12:21:18+00,31.7917,-7.0926,942967,14580,0,0,2554.735152,,,1.546183483,504,MAR
35.529562,-18.665695,123,Mozambique,2021/10/21 12:21:18+00,-18.665695,35.529562,151157,1927,0,0,483.6182891,,,1.274833451,508,MOZ
18.4904,-22.9576,124,Namibia,2021/10/21 12:21:18+00,-22.9576,18.4904,128395,3543,0,0,5053.098961,,,2.75945325,516,NAM
84.25,28.1667,125,Nepal,2021/10/21 12:21:18+00,28.1667,84.25,807522,11326,0,0,2771.484097,,,1.402562407,524,NPL
5.55,52.3167,126,Netherlands,2021/10/21 12:21:18+00,52.3167,5.55,2099103,18709,0,0,12250.47306,,,0.891285468,528,NLD
174.886,-40.9006,127,New Zealand,2021/10/21 12:21:18+00,-40.9006,174.886,5316,28,0,0,110.2393849,,,0.526711813,554,NZL
-85.207229,12.865416,128,Nicaragua,2021/10/21 12:21:18+00,12.865416,-85.207229,16241,207,0,0,245.1636744,,,1.27455206,558,NIC
8.081666,17.607789,129,Niger,2021/10/21 12:21:18+00,17.607789,8.081666,6203,205,0,0,25.62520459,,,3.304852491,562,NER
8.6753,9.082,130,Nigeria,2021/10/21 12:21:18+00,9.082,8.6753,209713,2840,0,0,101.7334919,,,1.354231736,566,NGA
21.7453,41.6086,131,North Macedonia,2021/10/21 12:21:18+00,41.6086,21.7453,198156,6998,0,0,9511.274947,,,3.531560992,807,MKD
8.4689,60.472,132,Norway,2021/10/21 12:21:18+00,60.472,8.4689,198161,893,0,0,3655.269401,,,0.450643669,578,NOR
55.923255,21.512583,133,Oman,2021/10/21 12:21:18+00,21.512583,55.923255,304116,4107,0,0,5955.326241,,,1.350471531,512,OMN
69.3451,30.3753,134,Pakistan,2021/10/21 12:21:18+00,30.3753,69.3451,1266826,28328,0,0,573.5038398,,,2.23613977,586,PAK
134.5825,7.515,135,Palau,2021/10/21 12:21:18+00,7.515,134.5825,8,0,0,0,44.42470013,,,0,585,PLW
-80.7821,8.538,136,Panama,2021/10/21 12:21:18+00,8.538,-80.7821,470855,7300,0,0,10912.63771,,,1.550371133,591,PAN
143.95555,-6.314993,137,Papua New Guinea,2021/10/21 12:21:18+00,-6.314993,143.95555,25769,312,0,0,288.017461,,,1.210757111,598,PNG
-58.4438,-23.4425,138,Paraguay,2021/10/21 12:21:18+00,-23.4425,-58.4438,460615,16228,0,0,6457.9469,,,3.523115834,600,PRY
-75.0152,-9.19,139,Peru,2021/10/21 12:21:18+00,-9.19,-75.0152,2192205,199945,0,0,6648.717818,,,9.12072548,604,PER
121.774017,12.879721,140,Philippines,2021/10/21 12:21:18+00,12.879721,121.774017,2735369,40977,0,0,2496.205435,,,1.49804286,608,PHL
19.1451,51.9194,141,Poland,2021/10/21 12:21:18+00,51.9194,19.1451,2956207,76300,0,0,7811.022944,,,2.581010058,616,POL
-8.2245,39.3999,142,Portugal,2021/10/21 12:21:18+00,39.3999,-8.2245,1081856,18109,0,0,10609.85669,,,1.673882661,620,PRT
51.1839,25.3548,143,Qatar,2021/10/21 12:21:18+00,25.3548,51.1839,238165,608,0,0,8266.575497,,,0.255285201,634,QAT
24.9668,45.9432,144,Romania,2021/10/21 12:21:18+00,45.9432,24.9668,1519532,43487,0,0,7898.727092,,,2.861867996,642,ROU
105.3188,61.524,145,Russia,2021/10/21 12:21:18+00,61.524,105.3188,8005376,223331,0,0,5485.596754,,,2.789762779,643,RUS
29.8739,-1.9403,146,Rwanda,2021/10/21 12:21:18+00,-1.9403,29.8739,99252,1314,0,0,766.2939966,,,1.323902793,646,RWA
-62.782998,17.357822,147,Saint Kitts and Nevis,2021/10/21 12:21:18+00,17.357822,-62.782998,2591,21,0,0,4871.033238,,,0.810497877,659,KNA
-60.9789,13.9094,148,Saint Lucia,2021/10/21 12:21:18+00,13.9094,-60.9789,12313,237,0,0,6705.367889,,,1.924794932,662,LCA
-61.2872,12.9843,149,Saint Vincent and the Grenadines,2021/10/21 12:21:18+00,12.9843,-61.2872,4729,56,0,0,4262.395558,,,1.184182702,670,VCT
-172.1046,-13.759,150,Samoa,2021/10/21 12:21:18+00,-13.759,-172.1046,3,0,0,0,1.529597716,,,0,882,WSM
12.4578,43.9424,151,San Marino,2021/10/21 12:21:18+00,43.9424,12.4578,5481,91,0,0,16150.03831,,,1.660280971,674,SMR
6.6131,0.1864,152,Sao Tome and Principe,2021/10/21 12:21:18+00,0.1864,6.6131,3687,56,0,0,1682.324866,,,1.518850014,678,STP
45.079162,23.885942,153,Saudi Arabia,2021/10/21 12:21:18+00,23.885942,45.079162,548065,8770,0,0,1574.272114,,,1.600175162,682,SAU
-14.4524,14.4974,154,Senegal,2021/10/21 12:21:18+00,14.4974,-14.4524,73876,1876,0,0,441.2106357,,,2.53939033,686,SEN
21.0059,44.0165,155,Serbia,2021/10/21 12:21:18+00,44.0165,21.0059,1070705,9272,0,0,12254.3168,,,0.865971486,688,SRB
55.492,-4.6796,156,Seychelles,2021/10/21 12:21:18+00,-4.6796,55.492,22039,119,0,0,22411.02298,,,0.539951903,690,SYC
-11.779889,8.460555,157,Sierra Leone,2021/10/21 12:21:18+00,8.460555,-11.779889,6397,121,0,0,80.19320583,,,1.891511646,694,SLE
103.8333,1.2833,158,Singapore,2021/10/21 12:21:18+00,1.2833,103.8333,158587,264,0,0,2710.729952,,,0.166470139,702,SGP
19.699,48.669,159,Slovakia,2021/10/21 12:21:18+00,48.669,19.699,446305,12883,0,0,8174.618743,,,2.886591008,703,SVK
14.9955,46.1512,160,Slovenia,2021/10/21 12:21:18+00,46.1512,14.9955,314162,4661,0,0,15111.70159,,,1.483629465,705,SVN
160.1562,-9.6457,161,Solomon Islands,2021/10/21 12:21:18+00,-9.6457,160.1562,20,0,0,0,3.063453308,,,0,90,SLB
46.199616,5.152149,162,Somalia,2021/10/21 12:21:18+00,5.152149,46.199616,21269,1180,0,0,133.8243687,,,5.547980629,706,SOM
22.9375,-30.5595,163,South Africa,2021/10/21 12:21:18+00,-30.5595,22.9375,2917846,88754,0,0,4919.761337,,,3.04176437,710,ZAF
31.307,6.877,164,South Sudan,2021/10/21 12:21:18+00,6.877,31.307,12270,133,0,0,109.614946,,,1.08394458,728,SSD
-3.74922,40.463667,165,Spain,2021/10/21 12:21:18+00,40.463667,-3.74922,4993295,87082,0,0,10679.75227,,,1.743978675,724,ESP
80.771797,7.873054,166,Sri Lanka,2021/10/21 12:21:18+00,7.873054,80.771797,533305,13543,0,0,2490.537401,,,2.539447408,144,LKA
30.2176,12.8628,167,Sudan,2021/10/21 12:21:18+00,12.8628,30.2176,39839,3038,0,0,90.85442223,,,7.625693416,729,SDN
139.7737,35.6491,168,Summer Olympics 2020,2021/10/21 12:21:18+00,35.6491,139.7737,865,0,0,0,0,,,0,2020,
-56.0278,3.9193,169,Suriname,2021/10/21 12:21:18+00,3.9193,-56.0278,47477,1044,0,0,8093.121094,,,2.198959496,740,SUR
18.6435,60.1282,170,Sweden,2021/10/21 12:21:18+00,60.1282,18.6435,1164402,14985,0,0,11529.566,,,1.28692668,752,SWE
8.2275,46.8182,171,Switzerland,2021/10/21 12:21:18+00,46.8182,8.2275,861123,11176,0,0,9949.867227,,,1.297840146,756,CHE
38.996815,34.802075,172,Syria,2021/10/21 12:21:18+00,34.802075,38.996815,40294,2457,0,0,230.2427846,,,6.097682037,760,SYR
121,23.7,173,Taiwan*,2021/10/21 12:21:18+00,23.7,121,16349,846,0,0,68.6448942,,,5.174628418,158,TWN
71.2761,38.861,174,Tajikistan,2021/10/21 12:21:18+00,38.861,71.2761,17484,125,0,0,183.3157504,,,0.714939373,762,TJK
34.888822,-6.369028,175,Tanzania,2021/10/21 12:21:18+00,-6.369028,34.888822,26034,724,0,0,43.58306353,,,2.78097872,834,TZA
100.992541,15.870032,176,Thailand,2021/10/21 12:21:18+00,15.870032,100.992541,1821579,18559,0,0,2609.712857,,,1.018841346,764,THA
125.727539,-8.874217,177,Timor-Leste,2021/10/21 12:21:18+00,-8.874217,125.727539,19749,120,0,0,1497.904345,,,0.607625703,626,TLS
0.8248,8.6195,178,Togo,2021/10/21 12:21:18+00,8.6195,0.8248,25936,240,0,0,313.2845022,,,0.925354719,768,TGO
-61.2225,10.6918,179,Trinidad and Tobago,2021/10/21 12:21:18+00,10.6918,-61.2225,54623,1621,0,0,3903.061899,,,2.967614375,780,TTO
9.537499,33.886917,180,Tunisia,2021/10/21 12:21:18+00,33.886917,9.537499,711164,25121,0,0,6017.319453,,,3.532377904,788,TUN
35.2433,38.9637,181,Turkey,2021/10/21 12:21:18+00,38.9637,35.2433,7744109,68274,0,0,9182.11367,,,0.881624987,792,TUR
-100,40,182,US,2021/10/21 12:21:18+00,40,-100,45220057,731271,0,0,13725.24575,,,1.617138607,840,USA
32.290275,1.373333,183,Uganda,2021/10/21 12:21:18+00,1.373333,32.290275,125364,3188,0,0,274.0735882,,,2.542994799,800,UGA
31.1656,48.3794,184,Ukraine,2021/10/21 12:21:18+00,48.3794,31.1656,2827388,66447,0,0,6465.001099,,,2.350119616,804,UKR
53.847818,23.424076,185,United Arab Emirates,2021/10/21 12:21:18+00,23.424076,53.847818,738924,2124,0,0,7471.123514,,,0.287444988,784,ARE
-3,55,186,United Kingdom,2021/10/21 12:21:18+00,55,-3,8630076,139444,0,0,12712.59979,,,1.615791101,826,GBR
-55.7658,-32.5228,187,Uruguay,2021/10/21 12:21:18+00,-32.5228,-55.7658,391522,6069,0,0,11270.94904,,,1.550104464,858,URY
64.585262,41.377491,188,Uzbekistan,2021/10/21 12:21:18+00,41.377491,64.585262,182421,1297,0,0,545.0414275,,,0.710992704,860,UZB
166.9592,-15.3767,189,Vanuatu,2021/10/21 12:21:18+00,-15.3767,166.9592,4,1,0,0,1.366680333,,,25,548,VUT
-66.5897,6.4238,190,Venezuela,2021/10/21 12:21:18+00,6.4238,-66.5897,396477,4763,0,0,1394.281174,,,1.20133072,862,VEN
108.277199,14.058324,191,Vietnam,2021/10/21 12:21:18+00,14.058324,108.277199,873901,21416,0,0,897.7950706,,,2.450620837,704,VNM
35.2332,31.9522,192,West Bank and Gaza,2021/10/21 12:21:18+00,31.9522,35.2332,449705,4599,0,0,8815.297557,,,1.022670417,275,PSE
48.516388,15.552727,193,Yemen,2021/10/21 12:21:18+00,15.552727,48.516388,9596,1821,0,0,32.17330616,,,18.97665694,887,YEM
27.849332,-13.133897,194,Zambia,2021/10/21 12:21:18+00,-13.133897,27.849332,209571,3658,0,0,1139.966828,,,1.745470509,894,ZMB
29.154857,-19.015438,195,Zimbabwe,2021/10/21 12:21:18+00,-19.015438,29.154857,132437,4659,0,0,891.0559811,,,3.517899077,716,ZWE
